[LEFT_CAM_2K]
fx=1397.36
fy=1397.36
cx=1053.55
cy=649.985
k1=-0.172119
k2=0.0266154
k3=0
p1=0
p2=0

[RIGHT_CAM_2K]
fx=1397.44
fy=1397.44
cx=1114.02
cy=722.471
k1=-0.173273
k2=0.0271392
k3=0
p1=0
p2=0

[LEFT_CAM_FHD]
fx=1397.36
fy=1397.36
cx=909.55
cy=568.985
k1=-0.172119
k2=0.0266154
k3=0
p1=0
p2=0

[RIGHT_CAM_FHD]
fx=1397.44
fy=1397.44
cx=970.02
cy=641.471
k1=-0.173273
k2=0.0271392
k3=0
p1=0
p2=0

[LEFT_CAM_HD]
fx=698.68
fy=698.68
cx=613.275
cy=372.9925
k1=-0.172119
k2=0.0266154
k3=0
p1=0
p2=0

[RIGHT_CAM_HD]
fx=698.72
fy=698.72
cx=643.51
cy=409.2355
k1=-0.173273
k2=0.0271392
k3=0
p1=0
p2=0

[LEFT_CAM_VGA]
fx=349.34
fy=349.34
cx=322.1375
cy=193.99625
k1=-0.172119
k2=0.0266154
k3=0
p1=0
p2=0

[RIGHT_CAM_VGA]
fx=349.36
fy=349.36
cx=337.255
cy=212.11775
k1=-0.173273
k2=0.0271392
k3=0
p1=0
p2=0

[STEREO]
Baseline=120
TY=0
TZ=0
CV_2K=0.00620573
CV_FHD=0.00620573
CV_HD=0.00620573
CV_VGA=0.00620573
RX_2K=3.45249e-06
RX_FHD=3.45249e-06
RX_HD=3.45249e-06
RX_VGA=3.45249e-06
RZ_2K=-0.000289889
RZ_FHD=-0.000289889
RZ_HD=-0.000289889
RZ_VGA=-0.000289889

